3
2
-9 43
62 76
9
60 92 80 -12 75 44 -2 31 87
92 63 44 -65 13 42 -92 81 -19
80 44 61 49 89 -64 5 90 55
-12 -65 49 -76 0 -71 -49 -85 -63
75 13 89 0 48 -89 -39 82 19
44 42 -64 -71 -89 -94 -48 -25 98
-2 -92 5 -49 -39 -48 6 73 -59
31 81 90 -85 82 -25 73 62 -4
87 -19 55 -63 19 98 -59 -4 -12
7
27 -35 -27 83 -65 73 95
-35 47 -28 -19 -1 -99 -72
-27 -28 44 -83 -64 -5 87
83 -19 -83 53 39 23 -64
-65 -1 -64 39 66 31 100
73 -99 -5 23 31 41 62
95 -72 87 -64 100 62 -98
