10
2
-4635 2804
-8350 4761
8
-7654 4180 -1352 7257 -4581 6147 -9829 -7047
2225 -8147 -2061 1447 -7153 5249 4371 -4923
1716 -5649 7912 -4186 877 -8820 -4534 -6120
-7061 -9137 -1354 -1044 1673 6408 -7908 6126
1814 -1325 -5836 1206 1387 -3056 746 1883
-1026 -822 -3190 -5291 -1058 -8735 -5417 1679
7578 -6663 -5334 9497 1110 3629 -2017 -3825
-2497 8189 2669 -1865 8943 -4183 -2226 6658
10
1023 -2123 -9238 5068 6592 439 2470 5294 1626 -5619
-2123 -7691 4346 -9642 7947 5689 1182 8938 -7773 -1751
-9238 4346 2316 -1610 9319 -1254 -8706 1876 933 -547
5068 -9642 -1610 -263 7670 8162 -7362 3518 2941 3896
6592 7947 9319 7670 -286 5937 8645 9833 -6340 3169
439 5689 -1254 8162 5937 -6721 -6689 9184 9872 9260
2470 1182 -8706 -7362 8645 -6689 -4599 1587 -2077 704
5294 8938 1876 3518 9833 9184 1587 8542 -6461 7071
1626 -7773 933 2941 -6340 9872 -2077 -6461 9195 -3035
-5619 -1751 -547 3896 3169 9260 704 7071 -3035 -2354
10
6545 5439 355 -3510 -9417 8501 -1168 -335 3528 -2965
5499 -6053 -7759 3700 -4682 -1991 1109 -161 8033 -2569
-3275 -4909 9577 8571 8380 2385 9816 -2353 -1829 -7185
-8982 8372 8329 6918 -7979 -6147 -5702 -2442 -7615 8075
8514 7654 -9684 518 5591 1877 -3388 4864 -9906 6213
7329 4850 -6150 3349 6265 -5009 9266 6954 7037 -8781
9039 6697 9937 -166 2109 3912 -4811 -388 -7478 7794
-1521 40 8569 -8193 1360 1562 -4376 -7935 6051 82
-419 922 404 6159 4926 9716 -8237 2946 1749 9729
4961 9617 -3428 3614 6801 -5472 7840 8294 2679 9556
6
8886 -3907 7805 6703 9264 -9849
-4411 3694 -8153 -122 7437 -7719
-4835 -8656 -3310 -4044 8446 8382
4990 6812 -6951 -9184 130 2573
-1160 1111 -5983 -6550 6451 -6764
9061 -1448 -2283 -5527 363 -6448
6
-3519 -9301 -3686 -2944 7281 -1545
-9301 9519 -1696 -2089 1248 6577
-3686 -1696 7927 4359 -2022 3495 
-2944 -2089 4359 -4053 5336 -9093
7281 1248 -2022 5336 -2999 -307
-1545 6577 3495 -9093 -307 9314
5
1049 8060 3274 9261 -4832
-1146 -4848 6320 -7570 -9002
5278 1183 7921 5991 2422
-1320 1369 -7751 -8410 -5316
7123 9728 -5179 -8025 -2724
5
-7717 -5822 7332 8293 -5495
-5822 -9121 -5266 6179 6330
7332 -5266 -4047 742 689
8293 6179 742 1149 -4521
-5495 6330 689 -4521 8753
6
-7548 230 5283 -9783 8282 2907
7461 -6293 -2785 -8316 3441 -4132
-3211 1734 -3286 -7867 2139 -941
-3314 -7170 -3939 -2842 4472 -4634
145 6956 618 -2596 7916 1686
-8858 -2066 3147 -748 9667 -9504
4
-9884 -1851 -529 -3865
8753 835 2470 -3436
9294 -8876 -6500 9184
8022 7117 8484 -2953
