20
36
7037450 -3205750 8503501 -2497379 3912526 9142939 9285054 4474752 -9056889 9189860 -8608104 -3151163 1660508 -8482747 4091050 9277000 -8681868 2834646 -7615659 -7262475 6922601 3826038 -5186018 4716711 -2267331 -4860725 -3689543 -7979941 -856406 8645164 -3227256 4790665 9214516 -9297274 6763218 5750922 
-2573371 8347772 -2002930 1104745 -519733 9353788 -3564441 9402771 8693385 -9987710 -5336897 7011537 7024801 4727146 6493512 -3507519 -3642649 -7658952 6417842 -7541519 -6653284 1670030 -9957163 -6469325 -3421536 -7325165 -7797819 2725374 -2085300 -7155607 -9597912 9391850 2163155 8911789 2098780 9513132 
-6012911 -6507405 4317104 1117004 -5246079 -4759276 -4742403 9098997 4944268 -1531148 -6015232 9134012 9256502 3630124 -1046040 334653 -9179271 -6777865 -6093556 -5144630 5553757 8967562 -6387463 2421055 -9045941 3005842 -515893 -5649854 6271895 449428 -7982780 -5609335 9905155 6896049 -2723504 4827356 
-1416016 3029759 2643187 -8289388 8306735 -5545010 4123984 -1893672 -8367114 -6286142 -4398246 -6726232 6368422 7795858 -4598296 -1437485 -1832136 -1736148 -6514864 -3715000 -1203726 -5502726 -2369205 -219088 6961140 7286964 9669959 -3766137 2847690 -9199048 -1510809 6406899 2702712 -875454 -3614483 -9667911 
9538818 -3026591 7226290 -2318868 231519 -2579739 -7238026 -5697965 9050180 9090459 8884154 1104808 8382230 -9549633 -3014752 -9820285 2689592 -5714478 -107337 -1329052 -3540 9577529 -5446675 393971 -3829266 5801395 7963100 -6424459 -6697115 393660 -3973169 458412 -4852620 7497291 -6175324 -2915822 
9177999 7451966 -1187857 -5214737 2181817 4404858 -6242206 -4613513 5520816 2158155 -323640 9609327 -9501442 424580 4516954 6604280 -314889 -1420844 3471548 2630145 5644492 1872795 -8076275 -9030197 1386579 -1113569 -8226417 3254058 3776806 -2163201 -4492083 -4936150 7406401 -6060420 3672580 5947459 
-8972708 7954683 5265278 -1469894 -5495196 9538605 4789622 -7338299 7006040 -8797250 296189 -9900494 3827266 -1035575 -6970583 -592736 -4351916 -9276484 -2111977 -5561580 6810335 -7728162 -936446 -5851127 9622503 -289790 -9401766 2281554 7305509 942452 -9098538 -5656358 8596610 5456256 1369815 3678893 
5262750 -777125 -2001917 9730394 -628315 -9215044 -8369090 -4251618 -8871089 -7834622 3417891 5520119 7498816 2702434 4715087 -160224 594330 -2944296 -8629194 1325934 -6912667 -9353865 1312482 1875265 -885791 -4221910 -6467787 -6086767 3691539 -6505239 9768100 6214364 7248413 1629846 -2829704 -530396 
-9286141 -1097964 6590065 -2086732 -9010113 -1970696 -7542023 594811 -4555976 6047943 -9285179 -2873717 -1047189 3589057 -1484516 -5807593 9498047 -4164034 -1362610 -8845917 -6318361 -2068191 -3437656 3515583 -6192483 -8959608 -1689327 -8224610 -433093 -5046947 7463372 5689959 -1849701 -9264625 1976216 6009980 
-2994908 6342694 9718765 5634556 -3064112 7472439 -9091851 -2959500 1286457 -5350439 8192803 -1665825 -9928080 -2989909 3198814 4563884 8141779 8703587 -4803664 -8627107 -4211066 -4708409 -6556401 -1800660 2627449 2010891 8891631 6962400 -5797029 2202718 990413 -6096648 1142971 7195676 669674 -6524113 
-4934082 711283 -3773986 600810 9027693 -4271404 -9660467 4908264 4059693 4443921 1553746 6388763 -2232215 5060702 -6539868 -8221790 9098829 9725075 -4454999 3485367 -8275344 2331045 -7639700 4887992 8518132 5007074 2998991 4645286 6898818 -3629066 6183851 5019423 9961453 -2008348 6576194 3580726 
527310 3286858 360752 6133008 3920700 4144255 2453225 -4733002 -9382506 8982911 1795613 -1799667 6543112 550403 -1656516 2128192 429309 834460 -9107373 -1080672 -6572776 1378882 -6878868 3891921 -8798767 -6426456 -8767593 6382992 -5920415 -3453124 585332 -2229809 -9640684 59696 -3461771 -7369153 
2190104 1005630 6871671 2856692 5110296 -5882154 9002121 8505478 -6179017 4239714 -1156190 6509538 7212558 -6552366 8471765 -2303636 -9554817 -356756 5498420 -5695243 6964103 1906314 9670937 3814666 -7383439 -6688633 6129113 -5420010 8176657 -2205435 -7159203 7585945 785751 2033567 -54852 4143552 
1565011 8678113 -1640541 388909 -1307169 5575975 -6837539 4821147 -7134517 8070521 5112493 -9491785 7287429 -3707306 -1965235 5233385 -3730310 1263354 7856727 -468873 9721782 -9540208 3823068 -1763905 7119037 5328027 2458839 -8661250 -6281639 -4668351 -2706602 3034071 -7389806 -9547286 1437084 3524043 
-5452528 -6916230 4497203 7080047 -4943544 -2170792 -1644190 -7868580 -7688306 919350 -1318006 2513041 -3149760 9828874 7951124 1827997 -3961665 3196034 -9853192 -4186556 -5981234 1807295 -9170770 7346173 836253 -153299 3940437 -623329 9957933 35975 4052913 -5301082 -1806696 9996001 -7294678 -5453568 
7644140 -9106250 9826476 34556 9377426 7307486 -8313016 8720350 -622166 5517871 -4802751 -1233086 2735926 -1154480 5738365 2977300 4838921 1965800 -1175065 9749124 1315504 -6757348 -4870522 -9992460 1393483 -8963509 -8452131 -7624268 -6347182 -2061269 8337935 -246076 -371175 2001719 5442337 -7747475 
-6916597 -379843 -1492140 -8040841 2299685 3181139 -6985224 -1830456 -1890453 -8401448 -7199409 -9491437 1988723 -1867639 7393576 5118369 3133311 5585766 -7990787 7728886 933189 2392812 3392032 2401201 5553434 -2336331 -8967579 -2232961 -9924996 8923940 2017984 5326981 6196049 -6546016 1051184 -300604 
-4696543 978001 -3655371 -6961415 -5028302 8136159 -9813236 2617432 -9636156 -6961954 6736010 -1053578 7744358 5030049 8443787 8639280 7035139 9172769 1604671 240298 3715535 -5949282 7717641 44242 -7335301 2625075 8468811 8864470 -30311 -2146165 -9948826 4678280 1987857 -9452187 -8379887 2625125 
6962865 -3484390 -6882371 -8830588 -798462 5341163 -344600 -6073200 -7754481 5110153 -6296355 6472981 9687218 -9143970 -3720018 -7927902 -5970227 3098875 6576572 -7274570 -1338703 -6167765 9584210 570214 4875689 5891612 420672 4092235 6229094 6104126 2773567 8331566 5130504 -3273269 2556337 5503349 
9945255 5396635 -3000888 -6762641 -4318641 -5589500 5806195 -3768525 -4643973 3165685 5728736 4278443 6986020 5665969 7839011 5979298 -7593216 -6599680 2035174 -3073769 9686190 7286082 5008251 3843284 7951256 -3331005 4338609 9754080 6288011 2682321 -2821478 -2679660 -7316301 5156625 -3313469 -4723181 
-6582767 1125059 -3661853 -2682254 -6093375 -3701163 -4418847 6881597 -9212791 3945071 6129393 -9490744 -6112979 -5857546 -4916725 -2417306 -1782816 5557320 -7459334 2428392 3009598 -2522019 4129929 4176879 2276 -9906511 9440644 -4485586 -325185 -9428577 9657116 3422258 7542577 3106821 2187441 -825739 
-6504182 -9241278 3745300 -8831495 9875925 -5575869 5738185 9102311 -7421099 -7446018 -4659817 -7677899 703747 -2025705 4891911 -6351830 -2342985 -9059375 2303686 -9473429 6353585 -4545069 -5994578 1945069 -1318408 -706875 -857178 -5782836 -9940324 2853212 -8708084 -127074 7418281 3726283 7584166 3713872 
6309552 -3256530 -1874386 3146457 -7971555 8728821 654109 -6869058 9489681 -1438607 6134162 6378441 2594381 -4519852 -2017856 1700932 -9623764 9688158 -9997064 -3186853 139629 -8676574 -5835415 -1774053 -8296305 -5670132 2511625 -5135879 -4995743 5037775 -3813322 -6185279 7214238 835371 -8363680 -4068575 
-3554471 9621902 -5897977 -4997951 -381365 -7190031 665231 -9393985 6408324 -2830217 -6997011 -7767649 2049068 4616874 -1396026 1756177 1597789 3571534 -2405927 2008531 4975659 -4121936 -6803259 -8047973 6187602 2045339 -6754043 -7084619 -2903259 -6915350 415367 -6466138 -9626615 -4714861 -5852171 -9082431 
759196 -8873434 8198265 7602531 -3125944 4544919 8597364 3594809 176025 8624606 -4305988 -5984394 -2911203 4850190 237616 -6164545 3212306 -8392466 4966720 4699551 635344 -8632566 -2738932 7834315 -252267 7382518 -7350479 6304072 -915365 6425473 9808578 -2687468 -1526666 8506618 8997285 8223942 
5332542 7380937 -1862456 7869055 3610280 3706257 7280566 2781543 -1371305 -2289963 9430666 -1658253 8690505 1780268 4167666 3952343 5213527 4495644 304084 8408151 2551630 8299893 3661103 1978397 -7032021 -3172124 194592 -3233272 3655526 375747 -754645 1683173 -5297179 -8974349 -7232672 -3138668 
-3968135 -9939970 1243645 7056128 -768568 -178224 4597753 -9765553 -1702160 4273656 7923316 934252 4456349 8580593 5334473 5216396 -790243 6094622 5183224 7300375 3786494 -8483348 -7227455 -5873522 8855867 -3551569 -2244358 -3233943 -6582856 -6314843 -1930357 9272400 6678227 1100840 3952281 -2499123 
447902 -3519505 -7531637 640592 -5885291 -7061481 6500806 8865918 4809991 6475895 -8165416 -3525108 1251541 -5979530 -8199799 5539945 9559382 -4651070 4062422 600377 -3367834 9159069 2466576 -5326058 5364863 2026764 1072813 5029033 -8003519 5815149 2237738 9018383 2026238 -3872697 -9878526 4784771 
-3630006 -901321 5349823 -3571103 -9372603 -4170097 3710359 -1613808 2055478 -1381090 7563055 -4119862 1432456 3865481 3841431 -7376838 829110 5399831 2782171 -3842379 -8630425 7759564 -4934407 9152060 -7817240 -808102 6039375 4720390 -9648646 -9889166 2612514 -3884680 5786249 -8188227 -7633028 9267110 
3181869 -1246692 1808184 -8860567 -2564075 8430349 574010 -9883084 -6342145 1173524 3231388 -1119157 9404023 4374855 -2293916 7337353 -330728 6493828 -4332476 1407296 1346113 8057103 7601358 554851 2438928 -5114823 -6432503 -6149336 7765336 6665628 9628831 -1603436 -716292 2103390 5255114 4782550 
-372180 -2502026 6665213 9139939 3105183 7379429 7386196 6767536 7091064 -696512 -9717637 2944894 -9911288 4005287 5502668 -7733463 -5186407 -9346704 -8156182 4168816 -3253446 2575426 1953584 6234809 4546146 -2678970 2695742 -2939265 -216029 9562227 9562886 9306232 -2102328 -1382564 -1809403 -16749 
2117857 -6828340 -3873367 -8218423 -6535738 9889256 9915865 -8660583 -8940861 3775028 -1953946 -3091826 -7297773 -7639291 6336092 2498774 -197588 1115773 -8504490 -321766 6694229 -2952919 1496269 7671140 -8752856 -5481419 -8720206 -5948196 8200570 9796962 693630 -2941625 -2891069 8840294 -7800239 -3600620 
-2585120 -6719511 6903444 -1725771 -1167007 8134166 -4130903 5944112 -8086261 3670757 -606261 6840869 -546395 -2153310 9999014 -1283695 8544886 4862421 -5328299 -9163147 -7867374 -3937438 270172 6833055 1263607 9602082 8810950 -1855655 -4419520 -6412627 -969369 -2278269 3067376 -4247113 3429288 4923797 
-162569 -3957885 9701974 4073642 7403372 -7349272 -9272333 2830009 -1323623 3815286 9688049 9593578 1551579 -2059943 9041338 1845377 -8911066 5404338 7580478 8692541 -4711057 -915531 4777415 2490696 862213 3059929 7194648 4031093 -284090 9785441 -3832324 -5458181 -1095801 5502251 4777230 1495835 
-4754314 1270066 6090332 -7821609 3322984 -1295511 2019724 5060069 7028949 -8958715 8458593 -2696722 -4075143 6015326 -9344678 -3688368 -9472426 4270411 -4983574 -4598599 -887991 3150474 9577472 2329810 -4585678 -738878 -4333591 2356915 8531282 -302759 -7312582 -8377389 3025718 -1417976 -430772 -9644070 
7040561 -3398022 -5933359 -2799012 779364 8569379 2026138 3741898 5351836 -1193207 9324584 9666916 -4087137 7211191 2634482 3051541 8407532 4647085 -8474334 -6145709 1963354 -2729872 236096 -1155435 -9652764 1901280 -7995313 1305120 8797032 -1904159 5482646 4525998 6186968 -2309790 6517815 -4254099 
77
-5113917 -3771388 -9936884 -6063077 6375913 7164807 9197760 -8980252 3510575 -358725 -9307660 2717893 5583510 3119053 -5562610 -2582085 748247 -5161514 7312508 -4021270 1204001 -384485 6716441 -7311360 7193332 -2893461 -8443577 1819367 -3629617 2200458 7448432 4969832 9319581 1129945 7677678 -5386265 7693731 -708089 -1192672 -6103659 -1128938 -6962656 -3970500 9254652 7987201 -3576814 -9372312 669222 7758701 -4947827 3849325 8500056 4892434 3678553 -1925938 4405323 730821 -6379685 6111328 8937612 -4772898 -4388462 -1722111 -8137049 9856205 -3540580 -8327478 5021527 -1794472 -6701577 -1473362 -2555126 9223029 -5881127 -3808581 -7225392 3817508 
-3771388 6496243 -5595941 -2937527 -291435 4448544 5418331 3171750 9221349 5350301 4825776 5880744 -2223094 1262913 -2113098 -4327258 5119721 -9887719 -3081239 -7290692 2695390 5706761 -8585388 220065 -7516813 -2562967 -1465509 -7048608 5324016 -1654644 397703 -2857948 8929123 -8503886 -7702266 -8545622 5632500 -5297961 -7084317 -9624912 5828854 8899029 -5322989 3069597 218809 -597741 -2481587 4731616 -6098797 8814778 -7327438 -3066698 -4021596 8359593 3928326 2198007 -3071140 9422370 7891660 -1979890 -4868592 -7192354 -6096846 8489638 8369309 2943447 -9268719 3447523 -4378219 6324998 3861449 -9725676 -8376880 -1266227 406787 859532 -3314230 
-9936884 -5595941 195913 -7194455 -3834795 3837785 3818975 6989728 4796978 -3318651 -8462758 381212 -6068972 -6376040 5518876 -3735299 -1040559 -5369356 9928544 -6255408 5413622 763398 -7821784 -6297514 5274801 -9375014 -1642868 58964 6797978 -5598975 -3655612 7224051 -9139930 1465310 -1432320 925803 5389064 -7980225 4322193 -2095393 7508966 -8886576 9969011 -7145739 182338 -5703338 8038557 6704746 -1938974 -8763706 8559443 -5529611 4500992 6678078 1883552 -762648 5277950 -4551007 -508162 1450661 5169314 8604494 5270087 -8433953 6387592 -9323051 -8611609 1690465 -8290621 -8979741 -1785036 -4683318 8388264 -4084025 8279 -9911633 -5760310 
-6063077 -2937527 -7194455 -1410716 2908620 7727988 -3445791 6895883 -2652238 -2216625 -9548867 -2632932 -2954722 -9235698 8213016 -6813621 8289334 -3303852 9647590 -5428340 4721627 -6926280 -7129859 -4673622 3561334 8269290 -1086594 7315641 6686449 -24144 -1461799 -6172431 -7432250 -9734120 4009146 -7336763 4252618 -304767 -7120632 -8514227 -2424571 -1449467 4276440 -1679906 7679684 7559991 5664836 -8420403 938893 -4647624 5551923 9957837 9831795 7807728 -3839606 9783924 -6744046 990906 606074 1250469 3005400 5718645 -3073868 7082937 5846447 -784313 -5265464 -4510695 6399558 -8830695 -6856552 2542768 5293210 -7357278 477367 8742020 3669336 
6375913 -291435 -3834795 2908620 2664138 -5667533 3860344 -7490368 5769182 -9545401 -8469616 -6532902 8200623 -5753134 4343805 -4782533 -2552040 7405768 3861376 404486 -2456877 8368834 -4664082 6782991 -9682283 -9928442 3827208 1773429 -8480555 -8386823 -2372665 7348828 4446681 6107432 -2361286 -9060614 3845876 -838366 9817783 87063 -1391566 284617 826435 -3572142 597089 -2717927 5072960 9811066 -5852485 -4500178 1938871 7464763 5674759 -7121445 2167633 -5734480 2219038 8503549 -3590937 3293748 -6651304 -7921763 4503397 -9773900 -3146681 9671196 -10176 8693622 -6306115 5051270 2545665 4005135 -8642321 908574 -7696701 -1880435 -5341302 
7164807 4448544 3837785 7727988 -5667533 -223464 6719538 -9615289 -3529749 -2293671 -7149852 -899477 6735489 -770370 5865946 -4188824 7094720 3459834 -1621672 -3312866 9962910 -8852926 8385954 4342971 -3522057 5513488 -6485325 -2744917 -2453805 4535888 -6508093 5535254 3222020 5642048 786411 -7317706 8555652 -3398428 3164294 -6213699 3757949 -1561058 -2503935 1790795 -4602564 -1812704 5645857 260055 2770212 517996 2629371 -9061551 -3800560 -9791833 -8680637 8742752 3636506 -5809776 5053345 5049396 3849529 -1974613 -2354833 -8825547 -2280439 3789873 -159382 -7168082 4386533 -9362446 -8545370 7453058 6669812 9151814 -4999078 -6918098 4089258 
9197760 5418331 3818975 -3445791 3860344 6719538 -6649275 2033965 6518173 4344628 5600049 -3574025 5461482 -4270414 3417060 2562289 5764012 835366 -5559792 -723792 -3607327 3608831 1785803 4190384 7415126 -6319676 8566867 834029 5531019 -1072127 -164454 -3780220 1422047 -3519659 -9461481 8025911 7643804 3280765 5201233 -5986744 389599 -713578 -7141281 2814056 -7430210 7470398 4796035 -7113379 -3639970 -4932298 -4044825 -722825 148330 -8936573 -2139441 5764587 7072315 4205016 -3394842 -9594063 8318064 1144241 -5175908 -3213515 -6410811 5980166 8025637 8269802 3128379 2776317 -2391668 1551561 1725807 -6935202 3502723 -2641536 -7680982 
-8980252 3171750 6989728 6895883 -7490368 -9615289 2033965 -7783802 -5053342 6345447 3503379 -8065799 -6037039 2737509 -3120071 -5454910 1400070 -9342575 -9271023 -5475869 -4555378 4818493 1354105 -9453224 7392475 -287667 -9858332 5116056 4762732 3991709 -9339258 4334313 -3506929 -2569376 -1353540 -1663700 6342185 5674978 -1126925 9353804 2332392 -7694678 -7953049 2798211 6344581 -4887285 -9818346 1276895 -6828711 -8010477 -4921716 -1293867 7783371 9380609 8712158 -4473700 -516990 -5515703 -2826054 -3973792 -7149745 2624134 3712594 -9751973 -7175491 -6877458 9358790 9097799 -3312067 4004055 -9245562 -957016 9964582 9774568 6068387 -6854728 534006 
3510575 9221349 4796978 -2652238 5769182 -3529749 6518173 -5053342 -4276756 6045834 -9689730 3051382 5599598 -8088837 4845817 6030256 -2285955 -2407911 -9142008 -8278220 -4416319 3284193 -7306283 1648685 357686 4209769 -7966617 -7756702 7805884 9937670 2441177 -7826649 8839154 -1608380 9173964 -3535179 -3441899 -7665888 -8313400 -2825296 2246201 5263180 5735092 -7707083 -3766281 4165522 -302823 -6985045 -5486110 1304230 -2594048 8119302 9900199 -5719895 -2813795 -2686559 5300594 -5222003 -1571094 403971 -2374055 -7720698 -1617958 2261075 -3784174 -8749418 -1775762 -4499465 -9863328 -4782111 -7768904 2037406 3592747 -6014562 -9530460 425695 8269209 
-358725 5350301 -3318651 -2216625 -9545401 -2293671 4344628 6345447 6045834 7865936 8580259 1281365 -9976697 -1567175 -787835 7978655 -1370426 -8931526 -7599791 5367424 6142145 7188426 -34722 5607586 -1263022 -3571712 8075494 1017536 6043468 -4465975 -4664552 -3910851 8900398 1643242 -3798890 -2420084 9177810 -1087177 9697010 -9266238 1042416 -9516899 -3499905 -66120 -7697513 -5544658 -2255798 -6906543 -2945117 -1042144 -9130105 2996947 3639912 4922791 -4827358 -455206 2932379 -7087183 6637290 1964282 -4224111 7375551 6118482 -1617545 -961568 -3298011 9895263 9081503 -2766521 3916565 3112691 1960037 9358536 -659747 6604159 6739016 -5418493 
-9307660 4825776 -8462758 -9548867 -8469616 -7149852 5600049 3503379 -9689730 8580259 -8274138 -1071495 -7068193 -231164 4644509 5051703 605051 -9622994 -325389 2836577 -3367772 3019870 2928231 -94076 4668029 1392369 742601 4612077 -4418705 6380094 4052103 -4821657 -9218722 5281450 6797356 -7383755 -7496372 -5930918 -8564849 -2784637 -7877066 -4073727 3273285 -9538085 -1949993 6069944 1319278 3774305 813000 2216551 -8615974 -6514332 7730560 -8853699 -4459042 -963172 1627814 -6929970 -7881659 -2240377 -5614604 3810331 8649347 -2884706 -5132344 4595717 2592747 3377185 7867546 6491749 4840242 3754644 -4291424 -8620061 6885606 5895584 -4071938 
2717893 5880744 381212 -2632932 -6532902 -899477 -3574025 -8065799 3051382 1281365 -1071495 2392259 -9065540 -9478778 -7804609 6947910 -7082405 6442246 -2096909 -7946826 -9954697 2759176 -2198360 -9451796 -489441 9085624 3288063 4564010 1724332 4995669 398723 2838005 -86475 7855735 -7088555 -2805461 -6032911 282327 -6868718 -4913534 -6134004 -9782482 -5498815 -694462 -1000905 9943439 762627 242212 1782765 -5293425 -9088894 5947505 9956209 -8711772 8178633 2109661 2902399 1583966 3924366 6924266 -902013 7318918 6861887 -1176837 7204932 5653857 -1941470 -5489527 6538497 7228559 3019829 -7593014 -9662499 -5182477 4977755 4802545 176903 
5583510 -2223094 -6068972 -2954722 8200623 6735489 5461482 -6037039 5599598 -9976697 -7068193 -9065540 -7850411 -5934216 3838417 29280 6734389 -4074943 9092210 -7512772 5327406 1289152 2009478 5394675 8227522 -9544796 -1415658 1504655 -5621655 2932852 4181445 8048039 -5870709 8055088 9698172 -6043230 -9289324 4329343 2150896 -4746562 7894375 -6963312 -4927277 2163450 -4120757 7004695 7195802 2951136 5527808 -6213908 -643293 -5838051 -5079907 -2543118 787131 8660166 -8428707 -1888127 2140277 6845926 9830146 -8126645 5782716 7257830 7361235 1480010 8932657 1963079 -3692043 -846058 9014007 -3098964 3894909 -9697649 7647362 -9617294 1365892 
3119053 1262913 -6376040 -9235698 -5753134 -770370 -4270414 2737509 -8088837 -1567175 -231164 -9478778 -5934216 7265934 2999796 -2116277 3321123 7391853 5236620 -302924 -5922526 5293103 -5850853 -9414588 8715629 2684807 7702713 -8376699 8480434 -6061320 1289133 2710794 9961021 182135 3404509 -5954977 -4872140 3257745 -89698 -6517501 -3955443 5136087 -8721237 3586331 2717625 -8029998 4188767 5222620 8317596 -4964970 -1399931 7702638 1672021 1856654 8950216 -7788928 -5060907 4102229 -6164 9770003 -8571432 1044439 -2472157 -5793041 -5088239 -4845650 8260692 -9581797 1474823 -2195191 -6847857 -3674994 1250160 -9022387 4837390 -926019 -870013 
-5562610 -2113098 5518876 8213016 4343805 5865946 3417060 -3120071 4845817 -787835 4644509 -7804609 3838417 2999796 1808370 7017325 -192821 -8237640 3105697 4304162 6345637 3434074 8167757 7444509 3113846 8924935 1171906 3998445 -8518807 109806 -2271592 -8374027 -2273700 -5895386 -8857336 1431495 -7486196 -326018 -3858570 1759075 7255739 3208557 -6984204 2780010 1607409 3395524 9990726 -5665654 -502262 1181834 -966854 -4807077 5775932 -954651 7596972 840856 2526905 7713572 1346797 -6924400 -8351283 -3619580 -9031622 3311561 -8452850 -2860540 1737216 -8647248 4815859 9674916 1021943 852285 -8387747 -3330074 -7965497 -3511496 8842559 
-2582085 -4327258 -3735299 -6813621 -4782533 -4188824 2562289 -5454910 6030256 7978655 5051703 6947910 29280 -2116277 7017325 4354987 -2906254 -7269609 -1230962 938544 -1169860 6393242 4501101 -6198159 -7993259 818489 4398098 8974845 -3240835 -210582 -5977294 -8342453 7743203 -3484790 -1591109 -7640095 7879253 -3262791 6211938 5271623 -6686292 -9172918 8939702 -5283500 -7253371 3569592 -1511872 7504203 5101978 3257738 3679858 3513802 4143706 6208058 -5275914 -384226 3994275 6652573 -984788 -8412795 2263587 7847899 -1749680 -1903246 -5003680 -2400620 4537002 2914982 7977091 -7047936 -8859255 3207052 9823626 2020346 -2452800 -1893484 5250890 
748247 5119721 -1040559 8289334 -2552040 7094720 5764012 1400070 -2285955 -1370426 605051 -7082405 6734389 3321123 -192821 -2906254 5904030 1696653 284141 -6605237 -371258 945495 -8839227 -9896139 4260961 -2500097 -7416944 -4313943 -5678262 5683103 4953594 1595143 240712 -7079144 -5605116 -8248588 -788045 4522178 4854318 9883650 -4078010 8739859 3410901 -9641035 -8499944 2565466 4843670 -2160013 9355316 7183427 7265410 3660961 -4882143 5165723 -2966659 -5108030 3635853 -2668436 -6004810 -590877 -9139470 1365678 3215376 -4652125 2032428 8607830 2524506 -9597427 -3630060 -6534425 -868886 -3854512 3993962 5613606 -7334490 2562436 -3736229 
-5161514 -9887719 -5369356 -3303852 7405768 3459834 835366 -9342575 -2407911 -8931526 -9622994 6442246 -4074943 7391853 -8237640 -7269609 1696653 139236 363443 -9632597 -9861304 5397174 1817399 2165350 -6711751 -9794847 -7334326 8406631 -6597373 -8531183 821669 -9287813 -4778273 3868522 3824674 -6794876 6110455 -4438965 6540760 1548789 2850649 -1211529 1600417 717258 -6384174 1894623 -7944022 2823810 -4130381 128759 1411079 8767434 -5428170 -5329737 -7725222 -1251597 -8031768 4105459 278521 4483565 3095907 3876865 1203860 9403451 -619877 -1545419 2793283 6230104 -3419161 9460653 5355314 -1776692 -9208679 -4114732 -1315754 -9062488 9608204 
7312508 -3081239 9928544 9647590 3861376 -1621672 -5559792 -9271023 -9142008 -7599791 -325389 -2096909 9092210 5236620 3105697 -1230962 284141 363443 -5637107 -4834672 9769224 -8069160 5028420 1793808 2650077 -8516053 5156615 -6508442 -8415 -4076732 1169424 2540101 2152688 3622870 -2690487 -4834861 4291136 5903594 -6422249 9970277 8873647 -9769002 -919947 -8611335 2866663 -5718485 -194340 -914392 9723780 -9526960 -7980548 8915924 -9745051 5682133 -1336031 -2410606 9261474 7156379 4044640 -464122 3698683 -1589871 -3355734 2140043 -2860544 7102660 7066244 -5459622 -7660450 -4587004 -1455098 -7559756 4473340 3185141 7423549 -3546058 -2623524 
-4021270 -7290692 -6255408 -5428340 404486 -3312866 -723792 -5475869 -8278220 5367424 2836577 -7946826 -7512772 -302924 4304162 938544 -6605237 -9632597 -4834672 8399440 6854601 7469584 -7043680 -1122757 -8384329 7841779 -1517 4894020 9093549 8030869 -3714517 -6534246 -3855062 5825552 4473718 2638802 -9949330 1467592 3999761 -8588858 8844349 70184 9142492 -1112153 3280402 3609047 2935113 4272794 -3959269 -3975607 2651285 -1136382 -5869932 3854054 -5489595 -7544765 -7639113 -8570142 -8672539 9459879 -3888106 -2824340 -1588411 -6623276 8311918 7350816 5140974 8641847 -8779159 2719943 908739 4756949 868310 9416722 -7995312 5109620 5988031 
1204001 2695390 5413622 4721627 -2456877 9962910 -3607327 -4555378 -4416319 6142145 -3367772 -9954697 5327406 -5922526 6345637 -1169860 -371258 -9861304 9769224 6854601 8857011 -5626390 -1117320 -1980371 3475098 8180854 5707749 7472912 -4919605 -9603736 1996169 -647930 7139828 -8037410 -2345589 3624712 145793 5719970 -8302857 -3871513 3994655 -9585692 5670505 7207989 -5452048 2607110 -4091907 -9344240 -6991453 5914213 3595991 1707413 1178964 1378264 -2340304 -3951924 -920305 4388059 214676 -7536602 -9956921 3061688 2779521 2604838 9389796 8367269 -2090492 4082667 -1453523 5774565 -3953530 -2021133 3016447 -5378619 -3360760 -4912187 -4925288 
-384485 5706761 763398 -6926280 8368834 -8852926 3608831 4818493 3284193 7188426 3019870 2759176 1289152 5293103 3434074 6393242 945495 5397174 -8069160 7469584 -5626390 3855644 -4790505 -4158697 -6136133 3285405 -8597529 113074 -3793841 -4672790 8904414 7942742 8735591 -5231529 6904557 -1787082 9375469 -2740360 8081065 -8887406 1460242 4781143 -6402089 9788874 9506759 -6476103 -9176997 450878 1070516 1262735 8365889 -3558428 3356587 -4414393 -6448506 6085948 -8161004 -282899 -165959 -8883641 3448699 -8544436 3254173 2088241 9842775 2981522 2275981 -8940429 -3140416 8147872 -1050048 4429402 6507819 2766167 -9712056 2547833 1704246 
6716441 -8585388 -7821784 -7129859 -4664082 8385954 1785803 1354105 -7306283 -34722 2928231 -2198360 2009478 -5850853 8167757 4501101 -8839227 1817399 5028420 -7043680 -1117320 -4790505 5373925 -6214875 8490709 3862883 -5888954 8485356 -9699446 8470704 -150512 438216 2846601 4818020 -702689 496744 -1213710 -3179348 -2752169 -2616386 -5004985 98303 -6479024 -5079836 -3327920 -7270028 -8439920 -2487840 -4421944 -6400682 -8256612 -5648799 469707 4945998 -3895080 -5931464 3451267 -9388677 6172103 -8934233 5957002 7547664 7789765 -9381628 -5041710 -8949290 -6614828 -6436880 9391263 401863 -8976837 -5341250 8408047 -382535 8514145 8396124 -3171175 
-7311360 220065 -6297514 -4673622 6782991 4342971 4190384 -9453224 1648685 5607586 -94076 -9451796 5394675 -9414588 7444509 -6198159 -9896139 2165350 1793808 -1122757 -1980371 -4158697 -6214875 -3683079 -2964743 9450424 3945143 -5633007 -5859444 -7923735 4512994 4589417 9374845 9859744 1164785 -3620373 8532486 557221 6235918 -8525856 6221240 3681029 440048 3184953 -61400 -4609157 3052829 -61331 -4316835 -6152782 1280310 6889017 3021151 -9878871 -8016869 685015 -2817211 -2086649 5990606 -9514980 5907840 1752929 2964889 2760516 -1258173 -6382982 5063716 2824529 -5037277 -2012930 8678163 -6325459 775041 4926196 -6736257 2173590 -6048640 
7193332 -7516813 5274801 3561334 -9682283 -3522057 7415126 7392475 357686 -1263022 4668029 -489441 8227522 8715629 3113846 -7993259 4260961 -6711751 2650077 -8384329 3475098 -6136133 8490709 -2964743 4093250 -8934409 8706987 3594187 7618135 4801958 -5328156 -6916359 -7577138 5886786 1078711 2898372 -7425213 9487944 6278822 -7289344 -1720220 5792144 -8841205 -7827670 7375824 -6243310 -6939444 1816348 8495745 -8606481 -8541653 3379710 -2432297 5896056 3051743 -6754812 905916 -1710350 8562867 -2252504 158911 7644993 2070980 6608639 1705223 -738142 -1254142 4342612 7089340 -2897007 -6165498 377948 3821757 4448109 7971360 -4522101 -2295668 
-2893461 -2562967 -9375014 8269290 -9928442 5513488 -6319676 -287667 4209769 -3571712 1392369 9085624 -9544796 2684807 8924935 818489 -2500097 -9794847 -8516053 7841779 8180854 3285405 3862883 9450424 -8934409 5918725 -9474493 4611001 -1203215 -232954 4920240 8969826 -2892849 -3793694 -4012377 -9445677 292182 1420784 8906796 654089 -672416 4739799 -4013717 -486602 8146686 6288088 -340746 -6207994 -7534162 5288261 -9352423 1189472 -3555909 -757677 -1186096 -5024618 -9685824 296691 -7984381 -5556326 -2911071 2992831 -6961142 -8484994 6771367 3731230 -874542 -9600242 4520629 2296032 -598326 4614304 -6475456 -916091 5695369 503628 874721 
-8443577 -1465509 -1642868 -1086594 3827208 -6485325 8566867 -9858332 -7966617 8075494 742601 3288063 -1415658 7702713 1171906 4398098 -7416944 -7334326 5156615 -1517 5707749 -8597529 -5888954 3945143 8706987 -9474493 -5230448 -7566605 -5606003 -4097317 -347532 -9666847 -5188969 -7803505 -4525544 -9266723 2150110 5335048 -4240156 -5069893 2321415 801765 6147896 -1293427 -9015693 -5806385 5532307 -8976096 7849789 -7302927 2845804 -3439970 -4220434 -5924197 -2961832 -7581633 -277918 -5889760 -6245986 -5513556 -2753954 -9022987 7500558 -5016581 -3714210 5370790 -2240607 -9292538 1951672 -3879624 -9206635 3315909 6591259 2724675 -2739344 -3146337 4403277 
1819367 -7048608 58964 7315641 1773429 -2744917 834029 5116056 -7756702 1017536 4612077 4564010 1504655 -8376699 3998445 8974845 -4313943 8406631 -6508442 4894020 7472912 113074 8485356 -5633007 3594187 4611001 -7566605 -1119371 -4741021 -5863533 1594605 -927878 -6091037 -4491205 -7408879 3900453 8376477 -9712685 -5160368 -3161895 -310735 7331512 4274841 3284584 -6013386 3639193 3817375 4299324 9417660 6365394 -48286 8884087 -8964984 -5628246 5316784 152476 -6119060 -8504504 -9370423 -7229730 3876448 8256695 73296 8397288 -2470052 -5466402 -8416201 -7158563 -2539271 9173616 2335062 4677643 5510177 2654038 -8817607 452913 -3438509 
-3629617 5324016 6797978 6686449 -8480555 -2453805 5531019 4762732 7805884 6043468 -4418705 1724332 -5621655 8480434 -8518807 -3240835 -5678262 -6597373 -8415 9093549 -4919605 -3793841 -9699446 -5859444 7618135 -1203215 -5606003 -4741021 -3918075 5605657 -8332056 -1431616 -8356185 7895035 -6648919 1940367 -9911861 8201720 -9613026 9381600 -658792 5462246 -6013774 4129440 2109378 -9646414 -5473386 4690723 578975 3712463 4597730 -5099099 -149142 -2437847 -4171975 -617050 -2509895 -2029712 7000985 1469187 -7383476 -7065829 9460331 3181634 -5270704 -7443206 -3615461 -5598880 -5492267 8593278 5966847 1400739 8064960 -3274212 3280355 283630 6841411 
2200458 -1654644 -5598975 -24144 -8386823 4535888 -1072127 3991709 9937670 -4465975 6380094 4995669 2932852 -6061320 109806 -210582 5683103 -8531183 -4076732 8030869 -9603736 -4672790 8470704 -7923735 4801958 -232954 -4097317 -5863533 5605657 -3651718 -6002743 -160503 4089596 -6402352 -9729223 -8343422 -4955128 -6544579 8763318 -8406500 3005488 -7322165 459692 -4415099 -5675846 -8593217 7964658 4986231 447751 9662578 -2216362 -6280933 6699596 -3668248 -5221678 859077 -8675751 -851934 1111783 2223956 -84091 5814130 915290 -4089853 -3855430 -475933 3985261 2175478 -900644 2943128 -3451657 -3097850 -9464375 -3123954 -4293974 6240901 -1767383 
7448432 397703 -3655612 -1461799 -2372665 -6508093 -164454 -9339258 2441177 -4664552 4052103 398723 4181445 1289133 -2271592 -5977294 4953594 821669 1169424 -3714517 1996169 8904414 -150512 4512994 -5328156 4920240 -347532 1594605 -8332056 -6002743 -4262915 7091616 5358182 -4677728 9992227 -6257172 -1221271 -775109 -5891242 9471939 6472767 8087611 4240182 3340087 -8807454 -8514140 -3120362 4858406 -6436397 4420714 -3078164 8318249 6434862 -3487892 1616655 8228271 7413838 644825 3242666 -1165490 1769586 2050457 1789480 1299385 -7752296 427939 -7399565 -3209082 -5361848 -5726661 9161668 3815839 9880678 -3459974 -2822131 2226488 8892505 
4969832 -2857948 7224051 -6172431 7348828 5535254 -3780220 4334313 -7826649 -3910851 -4821657 2838005 8048039 2710794 -8374027 -8342453 1595143 -9287813 2540101 -6534246 -647930 7942742 438216 4589417 -6916359 8969826 -9666847 -927878 -1431616 -160503 7091616 2139708 -552683 -553869 -5204385 4243942 -7387947 822507 1938614 -9253837 2419616 420808 -6147797 -4418571 -7591988 6444753 3898683 -4277840 -4281900 -9868749 -6556899 -6240235 1240071 -9448224 -4715396 6744219 1508793 -6212558 -440543 5574156 6657938 4710115 -382292 -3141156 -9305901 -5539847 -1357463 -5981570 -5911592 7508884 -2975448 -5648621 6708772 5467384 9402629 -8632068 -7454857 
9319581 8929123 -9139930 -7432250 4446681 3222020 1422047 -3506929 8839154 8900398 -9218722 -86475 -5870709 9961021 -2273700 7743203 240712 -4778273 2152688 -3855062 7139828 8735591 2846601 9374845 -7577138 -2892849 -5188969 -6091037 -8356185 4089596 5358182 -552683 39578 2829899 -6687076 7698167 -9980007 -1361302 4442061 2080017 4874043 -8499567 3633408 5066259 5752579 -6975205 -8377730 -8820484 8915013 -1272614 3948708 5160217 -4662947 -9075688 177144 -8634386 -8222438 -8848737 9274906 3521038 824762 4293966 2723426 2756244 -1654479 5920818 5484303 -5364499 -8266097 9713043 -643551 6883757 -8466495 -5850638 -1559257 2589412 -9391431 
1129945 -8503886 1465310 -9734120 6107432 5642048 -3519659 -2569376 -1608380 1643242 5281450 7855735 8055088 182135 -5895386 -3484790 -7079144 3868522 3622870 5825552 -8037410 -5231529 4818020 9859744 5886786 -3793694 -7803505 -4491205 7895035 -6402352 -4677728 -553869 2829899 6361350 -293311 -1069702 -6661896 -1015189 2473885 -8830170 4026201 9344405 -8445419 7128217 8669253 -4013486 443999 8541611 -2360050 -5300363 683858 2874101 -3468720 -2269140 -6837205 7911954 -3423766 -5840875 -2973872 -3358571 822850 6951450 -4840240 3438727 2418400 2441955 2168939 7014584 8249907 -5803056 -3851685 5304679 2925141 4590954 -307138 -1924899 -1020774 
7677678 -7702266 -1432320 4009146 -2361286 786411 -9461481 -1353540 9173964 -3798890 6797356 -7088555 9698172 3404509 -8857336 -1591109 -5605116 3824674 -2690487 4473718 -2345589 6904557 -702689 1164785 1078711 -4012377 -4525544 -7408879 -6648919 -9729223 9992227 -5204385 -6687076 -293311 -5061454 2958411 -7824992 8115673 2242001 9471527 -1974088 -6159089 131513 -3237778 7678675 2786293 -7030209 -9300025 -5493259 8576085 2842404 -9326022 -1061182 -7504668 -6408823 -1908369 3078760 -6963265 944652 4034447 1295528 5901161 5201113 -9309898 7707814 -9778871 -53624 -9378865 4623371 -8443306 4405340 1078187 938160 866365 -1432819 9773835 951887 
-5386265 -8545622 925803 -7336763 -9060614 -7317706 8025911 -1663700 -3535179 -2420084 -7383755 -2805461 -6043230 -5954977 1431495 -7640095 -8248588 -6794876 -4834861 2638802 3624712 -1787082 496744 -3620373 2898372 -9445677 -9266723 3900453 1940367 -8343422 -6257172 4243942 7698167 -1069702 2958411 -6554685 -7698975 -909141 -808205 -4748356 4864845 -3377166 7798719 576066 -9508095 -5731900 -3379411 -6181112 -1208627 -6975150 445449 -2321474 4557724 2388377 3448499 4529329 -7210546 4518799 -5974676 2591543 1501821 -4264243 7884706 -2203464 6547624 -9444858 -8434678 8530127 8681511 1857318 -8002158 -7592267 5933935 3433163 -7611074 -1423017 9054332 
7693731 5632500 5389064 4252618 3845876 8555652 7643804 6342185 -3441899 9177810 -7496372 -6032911 -9289324 -4872140 -7486196 7879253 -788045 6110455 4291136 -9949330 145793 9375469 -1213710 8532486 -7425213 292182 2150110 8376477 -9911861 -4955128 -1221271 -7387947 -9980007 -6661896 -7824992 -7698975 6795139 -2505541 2062412 9825958 -5968837 -5397857 -5038836 4167785 -7842359 9933651 -6820159 5983794 -8250719 -1199305 4849965 4131355 5036931 -5881554 9569513 4827183 2538423 997433 2383633 -1610970 -4467933 -715835 3284700 3468538 -6036808 4677220 -4227175 2810712 -6387439 -1159675 -123595 -7401371 3800959 -391704 -7929884 -2332025 -4329388 
-708089 -5297961 -7980225 -304767 -838366 -3398428 3280765 5674978 -7665888 -1087177 -5930918 282327 4329343 3257745 -326018 -3262791 4522178 -4438965 5903594 1467592 5719970 -2740360 -3179348 557221 9487944 1420784 5335048 -9712685 8201720 -6544579 -775109 822507 -1361302 -1015189 8115673 -909141 -2505541 -3430471 7024380 393660 -5710820 532782 -7870382 -1239246 4997263 1699278 -4750879 -7031000 -5139216 6509246 -9079400 6316208 514094 -5309259 -6806366 -4278978 2680378 8521639 925242 7223331 -9952120 -5527354 -6129014 -9594756 5363425 6635901 7426568 8654226 -3606764 5027963 -3392085 1913177 9698687 9748364 -3697524 -3266836 3584525 
-1192672 -7084317 4322193 -7120632 9817783 3164294 5201233 -1126925 -8313400 9697010 -8564849 -6868718 2150896 -89698 -3858570 6211938 4854318 6540760 -6422249 3999761 -8302857 8081065 -2752169 6235918 6278822 8906796 -4240156 -5160368 -9613026 8763318 -5891242 1938614 4442061 2473885 2242001 -808205 2062412 7024380 5452658 2223331 807781 5973140 -7458062 8734224 2752512 2179095 9562763 -3315196 -7611846 -8563723 -621947 -2132229 -3971515 3134795 321308 7490401 -4874492 1615810 -1381461 -826167 -4748556 -2709601 -7892182 -1538454 -1805627 -3294045 6297001 -1064478 -2031978 -8950854 -4614821 8757906 3580471 -8466395 6281810 -1604116 -8049649 
-6103659 -9624912 -2095393 -8514227 87063 -6213699 -5986744 9353804 -2825296 -9266238 -2784637 -4913534 -4746562 -6517501 1759075 5271623 9883650 1548789 9970277 -8588858 -3871513 -8887406 -2616386 -8525856 -7289344 654089 -5069893 -3161895 9381600 -8406500 9471939 -9253837 2080017 -8830170 9471527 -4748356 9825958 393660 2223331 -89015 -5707664 912470 -7047476 17852 -3997185 67609 9053654 9737991 1710793 8185710 -5359904 7417212 -2398510 3691071 -1921517 -4562807 -3928112 2197400 9448172 -3140016 -1749204 -6630477 2638748 -4246936 -5085323 -6726631 7184734 -7208951 -5804668 4536556 8321568 -3636146 -2986097 1894853 -3968431 -3674365 -6950159 
-1128938 5828854 7508966 -2424571 -1391566 3757949 389599 2332392 2246201 1042416 -7877066 -6134004 7894375 -3955443 7255739 -6686292 -4078010 2850649 8873647 8844349 3994655 1460242 -5004985 6221240 -1720220 -672416 2321415 -310735 -658792 3005488 6472767 2419616 4874043 4026201 -1974088 4864845 -5968837 -5710820 807781 -5707664 -4213168 5109878 7197502 -8176605 -3468659 -1333710 1351059 3828101 -6637907 -1688990 538004 6045843 -6434705 -6247406 34563 9821229 -8836816 4569251 2846478 -5775591 -440234 4221269 6932690 -5181228 2125389 430251 2119510 5945418 -3041593 -9556656 -7978007 6683855 763967 3014621 -422619 9270302 3012947 
-6962656 8899029 -8886576 -1449467 284617 -1561058 -713578 -7694678 5263180 -9516899 -4073727 -9782482 -6963312 5136087 3208557 -9172918 8739859 -1211529 -9769002 70184 -9585692 4781143 98303 3681029 5792144 4739799 801765 7331512 5462246 -7322165 8087611 420808 -8499567 9344405 -6159089 -3377166 -5397857 532782 5973140 912470 5109878 3152575 -9775521 7831544 9620486 3279599 -7437641 3221318 -6720087 -665922 -4628230 9363503 -3762195 -2283037 7961324 -6962075 -9631445 -9984559 -3179871 -5857541 716278 -169165 -3747549 4581510 -4569059 2596726 8109934 9942271 6707868 -1188922 268904 -659173 8052311 6246934 9996712 -6507003 -9294737 
-3970500 -5322989 9969011 4276440 826435 -2503935 -7141281 -7953049 5735092 -3499905 3273285 -5498815 -4927277 -8721237 -6984204 8939702 3410901 1600417 -919947 9142492 5670505 -6402089 -6479024 440048 -8841205 -4013717 6147896 4274841 -6013774 459692 4240182 -6147797 3633408 -8445419 131513 7798719 -5038836 -7870382 -7458062 -7047476 7197502 -9775521 2420422 -1481461 8581081 6978481 8653654 -4788773 -7411680 -917139 8415450 1783529 1590394 -1556496 -429800 5923346 -4910105 -7424715 -6206188 3108371 -8637138 -3034756 1244919 -1873956 4016127 6893648 -1481936 -5332274 9433398 -3007420 -336804 2799623 -3364354 3408859 -4484777 -923011 -7803846 
9254652 3069597 -7145739 -1679906 -3572142 1790795 2814056 2798211 -7707083 -66120 -9538085 -694462 2163450 3586331 2780010 -5283500 -9641035 717258 -8611335 -1112153 7207989 9788874 -5079836 3184953 -7827670 -486602 -1293427 3284584 4129440 -4415099 3340087 -4418571 5066259 7128217 -3237778 576066 4167785 -1239246 8734224 17852 -8176605 7831544 -1481461 2938325 9816499 -1077615 -2560773 9242538 3713683 496916 -5014654 -1341862 -6176359 -1268437 5250660 -7360289 7989784 -2436268 -7528641 -6737609 8314357 -1900446 -1715999 -6738922 -3059569 8625822 2884040 -2885598 9271668 -8465639 4786008 -6726681 -5358210 -1311307 -2961877 -4751426 -4154487 
